{
    "Growling01": {
        "form": 0.0,
        "ibg": 0.0,
        "image10000": 0.0,
        "ooscil1": 0.0,
        "ooscil2": 0.0,
        "filter1": 0.0,
        "filter2": 0.0,
        "occhio": 0.0,
        "occhio1": 0.0,
        "ampdrywet": 0.5,
        "filebutton24": 0.0,
        "filebutton25": 0.0,
        "display": 0.0,
        "carwave1": 3.2080001831054688,
        "detune1": 0.0,
        "modfactor1": 0.5610000491142273,
        "modindex1": 7.365000247955322,
        "wavemod1": 3.0,
        "fmsrc_1": 0.0,
        "vol": 1.0,
        "carwave": 2.323000192642212,
        "detune2": 0.6390000581741333,
        "modfactor2": 0.0010000000474974513,
        "modindex2": 0.0010000000474974513,
        "wavemod2": 1.0,
        "fmsrc_2": 0.0,
        "filAttack": 0.20000000298023224,
        "filEmphasis": 1373.0,
        "filDec": 330.0,
        "filt_menu": 4.0,
        "filt_freq": 50.0,
        "filt_res": 0.15800000727176666,
        "filt_dist": 0.0,
        "env1a": 0.08100000023841858,
        "env1d": 0.3580000102519989,
        "env1s": 1.0,
        "env1r": 0.414000004529953
    },
    "303": {
        "form": 0.0,
        "ibg": 0.0,
        "image10000": 0.0,
        "ooscil1": 0.0,
        "ooscil2": 0.0,
        "filter1": 0.0,
        "filter2": 0.0,
        "occhio": 0.0,
        "occhio1": 0.0,
        "ampdrywet": 0.47300001978874207,
        "filebutton24": 0.0,
        "filebutton25": 0.0,
        "display": 0.0,
        "carwave1": 3.633000135421753,
        "detune1": 0.0,
        "modfactor1": 0.5610000491142273,
        "modindex1": 0.0,
        "wavemod1": 3.0,
        "fmsrc_1": 0.0,
        "vol": 1.0,
        "carwave": 3.625000238418579,
        "detune2": 0.0,
        "modfactor2": 0.0010000000474974513,
        "modindex2": 0.0010000000474974513,
        "wavemod2": 1.0,
        "fmsrc_2": 0.0,
        "filAttack": 0.01900000125169754,
        "filEmphasis": 7650.00048828125,
        "filDec": 958.0,
        "filt_menu": 1.0,
        "filt_freq": 50.0,
        "filt_res": 0.7290000319480896,
        "filt_dist": 0.0,
        "env1a": 0.0010000000474974513,
        "env1d": 0.3580000102519989,
        "env1s": 1.0,
        "env1r": 0.16700001060962677
    }
}